4
23
43
64
86
105
123
143
163
183
206
226
246
266
285
304
326
345
364
383
404
424
446
466
486
506
525
544
566
585
603
619
638
656
675
693
711
727
746
765
783
802
821
840
858
877
896
915
934
952
971
990
1009
1028
1046
1065
1083
1102
1121
1140
1159
1177
1196
1215
1233
1252
1271
1290
1308
1327
1346
1365
1384
1402
1421
1440
1459
1477
1496
1515
1533
1552
1571
1586
1602
1620
1639
1657
1676
1695
1713
1729
1747
1766
1785
1804
1822
1841
1860
1878
1897
1916
1935
1953
1972
1991
2010
2029
2048
2066
2084
2103
2122
2141
2160
2178
2197
2216
2235
2253
2269
2287
2306
2325
2344
2362
2381
2400
2419
2437
2456
2475
2493
2513
2531
2550
2569
2587
2606
2625
2644
2662
2681
2700
2718
2737
2756
2775
2794
2812
2835
2853
2872
2891
2910
2929
2948
2966
2985
3003
3022
3041
3060
3078
3098
3116
3135
3154
3173
3191
3210
3229
3247
3266
3285
3303
3322
3341
3360
3379
3398
3416
3435
3454
3472
3491
3510
3528
3547
3566
3585
3604
3623
3641
3660
3679
3698
3717
3735
3754
3773
3791
3810
3829
3848
3866
3885
3904
3923
3942
3960
3979
3998
4017
4035
4054
4073
4091
4110
4129
4148
4167
4185
4204
4223
4242
4260
4279
4298
4316
4335
4354
4373
4392
4410
4429
4449
4468
4487
4506
4525
4543
4562
4581
4600
4619
4637
4656
4674
4693
4712
4731
4749
4768
4786
